num_epoch, train_loss, train_acc, valid loss, valid_test
models/0.pt
[False, False, False, False, False, False, False, True]
1,0.677296,76,0.716609,74
2,0.609882,79,0.669170,76
3,0.583625,80,0.653968,77
4,0.558630,80,0.633988,77
5,0.541860,81,0.628175,78
6,0.525382,82,0.624420,78
7,0.521446,81,0.618537,78
8,0.509765,82,0.617112,78
9,0.503194,82,0.616025,78
10,0.485755,83,0.599737,79
Model saved at 1570119448.1941154/models/1.pt
Final Valid Loss: 0.599737, Final Valid Acc: 79
models/1.pt
[True, False, False, False, False, False, False, False]
1,0.455019,83,0.573542,80
2,0.460062,83,0.569444,80
3,0.441111,84,0.558246,80
4,0.487954,82,0.602320,79
5,0.441099,84,0.551674,80
6,0.436854,84,0.547658,80
7,0.429202,84,0.537495,81
8,0.443329,84,0.552861,80
9,0.437899,84,0.543094,81
10,0.424279,85,0.531369,81
Model saved at 1570119448.1941154/models/2.pt
Final Valid Loss: 0.531369, Final Valid Acc: 81
models/2.pt
[False, True, False, False, False, False, False, False]
1,0.424605,85,0.531413,81
2,0.360924,87,0.482445,83
3,0.353647,87,0.496132,83
4,0.314428,88,0.465474,83
5,0.303507,89,0.460623,84
6,0.309805,89,0.472737,83
7,0.297061,89,0.466357,84
8,0.293126,89,0.467506,84
9,0.255960,91,0.441613,85
10,0.241669,91,0.435766,85
Model saved at 1570119448.1941154/models/3.pt
Final Valid Loss: 0.435766, Final Valid Acc: 85
models/3.pt
[False, False, True, False, False, False, False, False]
1,0.334913,88,0.512516,82
2,0.309768,89,0.492855,83
3,0.262830,90,0.473015,84
4,0.208402,92,0.433425,85
5,0.192802,93,0.436732,85
6,0.184850,93,0.440023,85
7,0.171934,94,0.452628,85
8,0.164995,94,0.457469,85
9,0.157829,94,0.456132,85
10,0.127468,95,0.421169,86
Model saved at 1570119448.1941154/models/4.pt
Final Valid Loss: 0.421169, Final Valid Acc: 86
models/4.pt
[False, False, False, True, False, False, False, False]
1,0.104474,96,0.417794,87
2,0.072450,97,0.415001,87
3,0.060195,98,0.430527,87
4,0.042610,98,0.422991,87
5,0.030066,99,0.422872,88
6,0.022262,99,0.451901,88
7,0.020137,99,0.471709,88
8,0.016561,99,0.470644,88
9,0.012191,99,0.484082,88
10,0.013930,99,0.486387,88
Model saved at 1570119448.1941154/models/5.pt
Final Valid Loss: 0.486387, Final Valid Acc: 88
models/5.pt
[False, False, False, False, True, False, False, False]
1,0.022996,99,0.588602,87
2,0.015643,99,0.602117,87
3,0.006646,99,0.589104,88
4,0.006515,99,0.620649,88
5,0.004240,99,0.652502,88
6,0.004705,99,0.663664,88
7,0.003087,99,0.705381,88
8,0.003866,99,0.677874,88
9,0.002150,99,0.678149,88
10,0.001719,99,0.696288,88
Model saved at 1570119448.1941154/models/6.pt
Final Valid Loss: 0.696288, Final Valid Acc: 88
models/6.pt
[False, False, False, False, False, True, False, False]
1,0.056506,98,0.510311,87
2,0.029788,99,0.572141,87
3,0.027306,99,0.733578,87
4,0.017875,99,0.776361,87
5,0.009109,99,0.751493,88
6,0.008471,99,0.778669,88
7,0.008960,99,0.833436,87
8,0.003966,99,0.905852,88
9,0.005338,99,0.891476,88
10,0.004930,99,1.019750,87
Model saved at 1570119448.1941154/models/7.pt
Final Valid Loss: 1.019750, Final Valid Acc: 87
models/7.pt
[False, False, False, False, False, False, True, False]
1,1.037963,97,18.810738,86
2,0.139140,99,15.954883,87
3,0.151786,99,17.586720,87
4,0.163343,99,19.555027,87
5,0.050676,99,17.128426,87
6,0.145075,99,17.439329,87
7,0.031728,99,16.081963,87
8,0.013049,99,14.691529,88
9,0.039615,99,15.937557,87
10,0.045275,99,14.980660,87
Model saved at 1570119448.1941154/models/8.pt
Final Valid Loss: 14.980660, Final Valid Acc: 87
models/8.pt
[True, True, True, True, True, True, True, True]
1,2.304811,9,2.304971,10
2,2.303120,10,2.302722,9
3,2.303388,10,2.304303,9
4,2.303173,9,2.303078,10
5,2.303653,10,2.303430,9
6,2.302829,10,2.302876,9
7,2.303462,9,2.303702,10
8,2.303409,9,2.303235,10
9,2.303265,10,2.303091,9
10,2.302993,10,2.303158,9
Model saved at 1570119448.1941154/models/9.pt
Final Valid Loss: 2.303158, Final Valid Acc: 9
